0.000000000000000000e+00 6.364090786394522858e-01
3.141592653589793394e-02 6.270748770757765822e-01
6.283185307179586787e-02 5.784887160815965768e-01
9.424777960769378793e-02 4.829176594109406695e-01
1.256637061435917357e-01 4.449828186162586574e-01
1.570796326794896558e-01 4.467528491201150920e-01
1.884955592153876036e-01 4.381331805519969036e-01
2.199114857512855237e-01 4.554211587192344424e-01
2.513274122871834715e-01 4.691454273164029631e-01
2.827433388230813360e-01 4.761208789697543575e-01
3.141592653589793116e-01 4.835508624842456693e-01
3.455751918948771761e-01 4.912122712356692400e-01
3.769911184307751517e-01 4.974469036944964562e-01
4.084070449666730163e-01 5.046283377020442940e-01
4.398229715025709918e-01 5.109030123002173962e-01
4.712388980384688564e-01 5.175859180176778374e-01
5.026548245743668319e-01 5.261638276677140791e-01
5.340707511102648075e-01 5.336987273645323882e-01
5.654866776461627831e-01 5.419832325754034841e-01
5.969026041820607587e-01 5.550037870262900519e-01
6.283185307179587342e-01 5.721431346725179834e-01
6.597344572538567098e-01 5.997605158398972014e-01
6.911503837897546854e-01 6.264627603947333645e-01
7.225663103256526609e-01 6.407873045705231307e-01
7.539822368615506365e-01 6.519725453555575978e-01
7.853981633974486121e-01 6.661664335692270011e-01
8.168140899333465876e-01 6.841409914180066609e-01
8.482300164692445632e-01 6.993584253609537171e-01
8.796459430051425388e-01 7.111103666743815443e-01
9.110618695410405143e-01 7.209569600482654828e-01
9.424777960769384899e-01 7.288794782312710829e-01
9.738937226128364655e-01 7.348692575756016199e-01
1.005309649148734330e+00 7.394640461132153675e-01
1.036725575684632528e+00 7.408106336855972973e-01
1.068141502220530281e+00 7.384596363832804933e-01
1.099557428756428479e+00 7.361130044058553645e-01
1.130973355292326232e+00 7.336616184317393818e-01
1.162389281828224430e+00 7.265631331680594274e-01
1.193805208364122183e+00 7.188702951071835878e-01
1.225221134900020381e+00 7.139467765629627927e-01
1.256637061435918135e+00 7.069962911384288784e-01
1.288052987971816332e+00 6.976677354734369674e-01
1.319468914507714086e+00 6.899237910032078869e-01
1.350884841043612283e+00 6.838491489198149642e-01
1.382300767579510037e+00 6.804922673011771783e-01
1.413716694115408234e+00 6.780577200031749907e-01
1.445132620651305988e+00 6.677612108462006590e-01
1.476548547187204186e+00 6.491681819298099620e-01
1.507964473723101939e+00 6.374007785870294818e-01
1.539380400259000137e+00 6.349193048602927991e-01
1.570796326794897890e+00 6.402494485110977740e-01
1.602212253330796088e+00 6.509512536366556246e-01
1.633628179866693841e+00 6.621855045406758178e-01
1.665044106402592039e+00 6.708137408999947926e-01
1.696460032938489793e+00 6.800056688402720262e-01
1.727875959474387990e+00 6.978198581237028408e-01
1.759291886010285744e+00 7.310062030181644355e-01
1.790707812546183941e+00 7.716433494872501075e-01
1.822123739082081695e+00 7.896418140157805965e-01
1.853539665617979892e+00 7.796603037335265718e-01
1.884955592153877646e+00 7.696102466646013163e-01
1.916371518689775844e+00 7.774237531345030705e-01
1.947787445225673597e+00 7.958233128797039813e-01
1.979203371761571795e+00 8.238230566932095433e-01
2.010619298297469548e+00 8.757091722245627929e-01
2.042035224833367302e+00 9.144816182367077051e-01
2.073451151369265055e+00 8.552659934897809402e-01
2.104867077905162809e+00 7.481323511279213134e-01
2.136283004441060562e+00 7.431688041429491687e-01
2.167698930976958316e+00 7.427964516460872080e-01
2.199114857512856069e+00 7.471162002752729236e-01
2.230530784048753823e+00 7.529474277707010055e-01
2.261946710584651576e+00 7.613693121212908865e-01
2.293362637120549330e+00 7.721559236213064725e-01
2.324778563656447083e+00 7.838752894271560079e-01
2.356194490192344837e+00 8.021858312630432142e-01
2.387610416728242591e+00 8.258487883808230956e-01
2.419026343264140344e+00 8.536299058206685553e-01
2.450442269800038098e+00 8.755751666028653846e-01
2.481858196335935851e+00 8.930262869444216545e-01
2.513274122871833605e+00 9.020027401459396188e-01
2.544690049407731358e+00 9.032073780879525948e-01
2.576105975943629112e+00 8.987990355650266050e-01
2.607521902479526865e+00 8.881863170196107049e-01
2.638937829015424619e+00 8.723750759838044821e-01
2.670353755551322372e+00 8.518881597321694699e-01
2.701769682087220126e+00 8.149029114063135459e-01
2.733185608623117879e+00 7.623484531486710569e-01
2.764601535159015633e+00 7.350319016177758735e-01
2.796017461694913386e+00 7.390600672499942903e-01
2.827433388230811140e+00 7.560292728295411324e-01
2.858849314766708893e+00 7.900858819979524883e-01
2.890265241302606647e+00 8.664465655957277468e-01
2.921681167838504400e+00 9.346090758192995285e-01
2.953097094374402154e+00 9.754207400239452985e-01
2.984513020910299907e+00 1.018025183049710014e+00
3.015928947446197661e+00 1.084213499476780473e+00
3.047344873982095415e+00 1.092192071634873196e+00
3.078760800517993168e+00 1.102637839231822348e+00
3.110176727053890922e+00 1.139998318002417355e+00
3.141592653589788675e+00 1.188500750049358512e+00
3.173008580125686429e+00 1.135643641734136899e+00
3.204424506661584182e+00 1.103156095976683959e+00
3.235840433197481936e+00 1.093082923081649671e+00
3.267256359733379689e+00 1.083743578830411725e+00
3.298672286269277443e+00 1.014938272752822668e+00
3.330088212805175196e+00 9.781417955071977088e-01
3.361504139341072950e+00 9.378832615391111682e-01
3.392920065876970703e+00 8.658160291393364183e-01
3.424335992412868457e+00 7.889542531302488060e-01
3.455751918948766210e+00 7.554181717894851156e-01
3.487167845484663964e+00 7.387574348105792055e-01
3.518583772020561717e+00 7.349347845123992418e-01
3.549999698556459471e+00 7.623325259179498659e-01
3.581415625092357224e+00 8.147202999997418260e-01
3.612831551628254978e+00 8.516654455250760591e-01
3.644247478164152731e+00 8.720234062156153598e-01
3.675663404700050485e+00 8.875106464125205319e-01
3.707079331235948239e+00 8.981029777179974083e-01
3.738495257771845992e+00 9.028349437812067668e-01
3.769911184307743746e+00 9.018359540636935456e-01
3.801327110843641499e+00 8.932430417647251319e-01
3.832743037379539253e+00 8.754159076483880586e-01
3.864158963915437006e+00 8.536360440823350659e-01
3.895574890451334760e+00 8.261818233309297099e-01
3.926990816987232513e+00 8.024670864754370747e-01
3.958406743523130267e+00 7.840303079199169023e-01
3.989822670059028020e+00 7.721408975738490721e-01
4.021238596594925774e+00 7.613587942975940104e-01
4.052654523130823527e+00 7.529639828743114327e-01
4.084070449666721281e+00 7.470413012186691848e-01
4.115486376202619034e+00 7.426449940118239335e-01
4.146902302738516788e+00 7.430414146316259849e-01
4.178318229274414541e+00 7.480104460219284546e-01
4.209734155810312295e+00 8.551741718545520232e-01
4.241150082346210048e+00 9.145960121401918164e-01
4.272566008882107802e+00 8.758554920114696163e-01
4.303981935418005556e+00 8.239548980141611079e-01
4.335397861953903309e+00 7.959216078305826336e-01
4.366813788489801063e+00 7.774644791452014481e-01
4.398229715025698816e+00 7.696120546289199060e-01
4.429645641561596570e+00 7.796729646692330817e-01
4.461061568097494323e+00 7.897053040082315789e-01
4.492477494633392077e+00 7.717230013709773795e-01
4.523893421169289830e+00 7.309387587465928648e-01
4.555309347705187584e+00 6.976570221283640016e-01
4.586725274241085337e+00 6.798163625797559728e-01
4.618141200776983091e+00 6.707213686829595067e-01
4.649557127312880844e+00 6.622366528891143744e-01
4.680973053848778598e+00 6.510651641799085620e-01
4.712388980384676351e+00 6.403480311740342712e-01
4.743804906920574105e+00 6.349888468589436341e-01
4.775220833456471858e+00 6.374678716701897008e-01
4.806636759992369612e+00 6.492561677979284962e-01
4.838052686528267365e+00 6.678403749274552936e-01
4.869468613064165119e+00 6.780669924613357269e-01
4.900884539600062872e+00 6.804680104457945244e-01
4.932300466135960626e+00 6.838503607714567778e-01
4.963716392671858380e+00 6.899098830937687721e-01
4.995132319207756133e+00 6.976146098720277244e-01
5.026548245743653887e+00 7.069112078955299694e-01
5.057964172279551640e+00 7.138039150284333223e-01
5.089380098815449394e+00 7.187068294196380380e-01
5.120796025351347147e+00 7.263025691647753135e-01
5.152211951887244901e+00 7.333595732458326744e-01
5.183627878423142654e+00 7.358690157048113356e-01
5.215043804959040408e+00 7.382799426178462410e-01
5.246459731494938161e+00 7.405186618551475863e-01
5.277875658030835915e+00 7.390772197371892061e-01
5.309291584566733668e+00 7.345327836425490364e-01
5.340707511102631422e+00 7.286604227767290443e-01
5.372123437638529175e+00 7.207864872023110880e-01
5.403539364174426929e+00 7.109646721223419341e-01
5.434955290710324682e+00 6.992493377209536565e-01
5.466371217246222436e+00 6.840363857772899792e-01
5.497787143782120189e+00 6.660072561635036470e-01
5.529203070318017943e+00 6.516884229002132267e-01
5.560618996853915696e+00 6.406196715238908768e-01
5.592034923389813450e+00 6.261491650148169885e-01
5.623450849925711204e+00 5.992966185967172343e-01
5.654866776461608957e+00 5.719099119524113650e-01
5.686282702997506711e+00 5.548394724578056270e-01
5.717698629533404464e+00 5.417751699740914750e-01
5.749114556069302218e+00 5.335564864679601671e-01
5.780530482605199971e+00 5.259098023221341345e-01
5.811946409141097725e+00 5.177136781989629677e-01
5.843362335676995478e+00 5.106231145097479551e-01
5.874778262212893232e+00 5.049142226304854653e-01
5.906194188748790985e+00 4.974796180841031257e-01
5.937610115284688739e+00 4.914046112561243351e-01
5.969026041820586492e+00 4.836008010463967444e-01
6.000441968356484246e+00 4.758275108965319689e-01
6.031857894892381999e+00 4.690195147262199438e-01
6.063273821428279753e+00 4.555877205100961058e-01
6.094689747964177506e+00 4.385513610252924632e-01
6.126105674500075260e+00 4.471244839069701826e-01
6.157521601035973013e+00 4.459246362029791744e-01
6.188937527571870767e+00 4.831192145757611245e-01
6.220353454107768520e+00 5.782833434012228935e-01
6.251769380643666274e+00 6.269784213868107026e-01
